2024-03-19, 2024030, 01 08 22 25 29 33 10
2024-03-10, 2024026, 04 07 18 19 20 25 06
2024-04-02, 2024036, 02 08 09 12 21 31 02
2024-03-03, 2024023, 01 10 22 25 28 32 10
2024-03-17, 2024029, 12 18 23 25 28 33 04
2024-03-07, 2024025, 08 15 21 22 25 33 13
2024-04-16, 2024042, 02 04 05 14 26 32 14
2024-03-24, 2024032, 01 03 04 11 12 21 16
2024-03-05, 2024024, 03 07 21 24 26 30 10
2024-03-21, 2024031, 09 10 13 25 30 32 02
2024-04-09, 2024039, 02 06 12 29 30 31 10
2024-04-04, 2024037, 01 04 05 06 12 14 13
2024-03-12, 2024027, 02 06 13 27 28 32 13
2024-03-26, 2024033, 06 10 11 18 20 32 05
2024-03-31, 2024035, 05 07 14 17 22 32 06
2024-03-28, 2024034, 02 09 12 19 21 31 04
2024-04-07, 2024038, 08 10 18 23 27 31 02
2024-04-11, 2024040, 11 14 18 19 23 26 02
2024-04-14, 2024041, 02 09 12 22 25 33 16
2024-03-14, 2024028, 03 07 08 11 18 19 05
2024-03-19, 2024030, 01 08 22 25 29 33 10
2024-03-10, 2024026, 04 07 18 19 20 25 06
2024-04-02, 2024036, 02 08 09 12 21 31 02
2024-03-03, 2024023, 01 10 22 25 28 32 10
2024-03-17, 2024029, 12 18 23 25 28 33 04
2024-03-07, 2024025, 08 15 21 22 25 33 13
2024-04-16, 2024042, 02 04 05 14 26 32 14
2024-03-24, 2024032, 01 03 04 11 12 21 16
2024-03-05, 2024024, 03 07 21 24 26 30 10
2024-03-21, 2024031, 09 10 13 25 30 32 02
2024-04-09, 2024039, 02 06 12 29 30 31 10
2024-04-04, 2024037, 01 04 05 06 12 14 13
2024-03-12, 2024027, 02 06 13 27 28 32 13
2024-03-26, 2024033, 06 10 11 18 20 32 05
2024-03-31, 2024035, 05 07 14 17 22 32 06
2024-03-28, 2024034, 02 09 12 19 21 31 04
2024-04-07, 2024038, 08 10 18 23 27 31 02
2024-04-11, 2024040, 11 14 18 19 23 26 02
2024-04-14, 2024041, 02 09 12 22 25 33 16
2024-03-14, 2024028, 03 07 08 11 18 19 05
2024-02-18, 2024017, 04 17 19 20 25 32 04
2024-01-25, 2024011, 08 12 16 20 27 31 06
2024-01-30, 2024013, 01 07 10 14 21 25 07
2024-01-09, 2024004, 09 13 17 18 21 27 04
2024-02-04, 2024015, 03 08 17 18 20 30 15
2024-02-22, 2024019, 05 11 12 16 17 20 08
2024-01-23, 2024010, 11 16 20 21 23 24 04
2024-02-06, 2024016, 07 12 20 24 32 33 04
2024-01-11, 2024005, 05 06 20 23 25 32 03
2024-01-14, 2024006, 07 18 20 21 26 32 05
2024-01-18, 2024008, 08 20 21 23 27 30 13
2024-02-01, 2024014, 01 02 10 22 24 25 13
2024-02-20, 2024018, 06 15 17 24 28 29 16
2024-02-29, 2024022, 02 09 11 14 18 26 06
2024-02-25, 2024020, 03 08 12 14 17 33 08
2024-01-16, 2024007, 04 05 06 07 20 22 15
2024-01-21, 2024009, 01 04 07 10 17 23 14
2024-01-07, 2024003, 01 05 08 13 32 33 03
2024-02-27, 2024021, 04 06 16 17 23 24 11
2024-01-28, 2024012, 01 03 07 18 22 28 15
2023-11-21, 2023134, 05 08 09 17 22 33 04
2023-12-26, 2023149, 02 10 19 24 26 33 15
2023-12-05, 2023140, 03 04 11 14 30 31 05
2023-11-30, 2023138, 03 22 28 30 31 33 04
2023-12-24, 2023148, 03 05 07 09 19 20 08
2023-12-10, 2023142, 02 08 20 21 27 33 14
2023-12-14, 2023144, 12 16 17 22 25 27 08
2023-12-31, 2023151, 01 15 16 20 25 27 05
2023-12-12, 2023143, 05 07 09 16 23 30 15
2023-11-23, 2023135, 05 06 11 13 28 30 07
2023-12-03, 2023139, 12 14 19 21 27 31 11
2023-11-26, 2023136, 03 05 10 21 22 26 10
2024-01-02, 2024001, 03 07 16 26 27 32 16
2023-12-28, 2023150, 10 17 25 26 30 33 05
2023-12-17, 2023145, 07 10 21 22 23 24 11
2024-01-04, 2024002, 04 09 10 17 19 20 09
2023-11-28, 2023137, 03 12 17 19 23 27 11
2023-12-07, 2023141, 01 08 11 12 21 23 03
2023-12-19, 2023146, 02 03 06 11 20 32 09
2023-12-21, 2023147, 05 06 14 16 19 32 12
2023-10-05, 2023114, 07 09 15 16 17 26 09
2023-10-19, 2023120, 03 08 13 24 27 29 08
2023-10-26, 2023123, 10 13 15 22 29 32 15
2023-10-12, 2023117, 02 11 14 17 18 28 08
2023-10-08, 2023115, 02 07 16 21 26 27 16
2023-10-15, 2023118, 01 02 11 19 25 29 04
2023-10-29, 2023124, 02 03 17 18 25 30 11
2023-11-05, 2023127, 03 08 19 22 26 32 14
2023-10-10, 2023116, 02 08 09 13 24 27 12
2023-11-07, 2023128, 07 16 20 21 27 33 01
2023-10-31, 2023125, 11 14 15 27 30 33 04
2023-11-16, 2023132, 03 09 11 15 25 27 01
2023-11-19, 2023133, 04 05 10 14 22 25 03
2023-11-09, 2023129, 08 09 12 17 32 33 04
2023-10-17, 2023119, 01 02 03 19 21 28 15
2023-10-22, 2023121, 02 12 16 25 30 31 12
2023-11-12, 2023130, 04 10 17 22 23 32 16
2023-11-14, 2023131, 06 07 14 20 26 32 01
2023-10-24, 2023122, 07 08 14 18 20 30 05
2023-11-02, 2023126, 10 24 26 28 29 31 16
2023-08-31, 2023101, 01 05 09 15 18 26 04
2023-08-22, 2023097, 01 09 14 19 29 30 15
2023-08-17, 2023095, 03 08 16 17 22 26 11
2023-09-12, 2023106, 07 09 10 20 22 24 07
2023-09-26, 2023112, 09 12 13 22 24 31 04
2023-09-10, 2023105, 01 03 05 26 30 32 16
2023-08-29, 2023100, 05 06 12 15 23 25 04
2023-09-24, 2023111, 05 06 12 17 20 33 09
2023-09-07, 2023104, 10 19 23 25 30 31 12
2023-09-05, 2023103, 05 06 13 24 25 29 15
2023-09-21, 2023110, 02 06 20 25 29 33 16
2023-08-20, 2023096, 08 11 18 26 31 32 15
2023-08-24, 2023098, 02 10 11 14 21 27 11
2023-09-14, 2023107, 03 07 18 25 29 33 14
2023-09-28, 2023113, 01 02 13 18 25 27 03
2023-09-03, 2023102, 01 09 10 13 21 28 10
2023-09-19, 2023109, 06 08 10 13 16 28 13
2023-09-17, 2023108, 01 03 06 08 18 24 09
2023-08-27, 2023099, 09 11 14 19 27 33 05
2023-08-15, 2023094, 06 10 12 14 30 31 12
2023-07-30, 2023087, 02 09 15 17 28 33 01
2023-07-25, 2023085, 11 18 23 24 31 33 13
2023-08-08, 2023091, 16 20 22 26 30 32 16
2023-07-09, 2023078, 06 08 14 19 30 31 08
2023-08-01, 2023088, 01 14 18 26 31 33 05
2023-07-02, 2023075, 13 15 24 28 30 31 01
2023-07-20, 2023083, 07 10 12 16 17 30 12
2023-07-06, 2023077, 07 09 14 22 26 27 01
2023-08-13, 2023093, 10 21 24 25 27 32 07
2023-06-29, 2023074, 02 08 09 18 19 21 03
2023-07-27, 2023086, 08 09 10 22 26 32 12
2023-07-13, 2023080, 01 02 04 09 25 31 08
2023-07-04, 2023076, 03 04 15 18 19 22 09
2023-07-23, 2023084, 09 13 14 17 19 27 03
2023-08-03, 2023089, 08 13 15 27 28 31 11
2023-07-16, 2023081, 01 11 15 16 22 31 15
2023-08-10, 2023092, 03 12 24 25 32 33 13
2023-07-11, 2023079, 05 06 09 12 21 22 07
2023-08-06, 2023090, 01 02 09 26 30 31 07
2023-07-18, 2023082, 04 18 19 24 27 30 16
2023-05-30, 2023061, 01 04 06 11 12 22 15
2023-05-14, 2023054, 05 06 09 10 15 26 12
2023-06-15, 2023068, 11 12 15 18 29 33 02
2023-06-01, 2023062, 11 19 23 24 26 33 15
2023-06-18, 2023069, 12 14 17 20 21 26 02
2023-05-16, 2023055, 03 04 20 23 27 32 13
2023-05-28, 2023060, 09 11 17 19 30 31 11
2023-06-20, 2023070, 03 05 25 31 32 33 04
2023-06-27, 2023073, 01 03 15 16 25 32 10
2023-05-25, 2023059, 02 06 13 22 27 32 06
2023-05-18, 2023056, 08 14 15 18 23 33 08
2023-06-08, 2023065, 02 14 17 20 26 33 14
2023-06-13, 2023067, 01 03 12 19 28 32 14
2023-05-21, 2023057, 02 05 10 17 24 32 03
2023-06-11, 2023066, 02 07 08 10 26 31 06
2023-06-04, 2023063, 04 08 17 20 22 27 13
2023-06-22, 2023071, 05 12 15 19 24 26 06
2023-06-06, 2023064, 01 07 11 12 16 18 04
2023-06-25, 2023072, 02 06 10 24 25 33 09
2023-05-23, 2023058, 10 17 22 26 30 33 11
2023-04-25, 2023046, 06 08 17 25 26 28 03
2023-04-02, 2023036, 13 14 18 19 24 30 09
2023-04-16, 2023042, 10 17 20 23 27 30 10
2023-04-06, 2023038, 02 09 14 17 31 33 08
2023-03-28, 2023034, 02 03 09 11 12 17 15
2023-05-11, 2023053, 01 07 14 20 27 30 15
2023-04-04, 2023037, 08 23 25 26 29 31 12
2023-05-07, 2023051, 22 26 29 30 32 33 14
2023-04-18, 2023043, 05 08 12 20 24 28 10
2023-04-13, 2023041, 01 06 12 13 15 24 06
2023-04-23, 2023045, 03 06 12 21 27 28 04
2023-04-27, 2023047, 05 07 14 23 31 33 07
2023-05-02, 2023049, 05 07 14 23 25 27 02
2023-04-11, 2023040, 09 16 17 24 29 31 08
2023-04-09, 2023039, 02 03 09 13 19 28 09
2023-05-04, 2023050, 02 07 09 14 22 23 05
2023-04-20, 2023044, 02 08 15 22 24 26 16
2023-05-09, 2023052, 03 04 05 08 12 17 06
2023-03-30, 2023035, 01 04 09 10 20 33 06
2023-04-30, 2023048, 02 03 10 24 28 30 08
2023-02-21, 2023019, 06 12 26 28 29 32 15
2023-03-23, 2023032, 06 19 20 26 28 33 01
2023-02-23, 2023020, 01 12 17 18 26 27 05
2023-03-02, 2023023, 05 08 10 15 24 25 09
2023-02-16, 2023017, 05 11 18 20 26 28 12
2023-03-09, 2023026, 01 18 26 30 31 33 03
2023-03-14, 2023028, 05 07 10 17 20 22 14
2023-03-12, 2023027, 08 10 22 27 32 33 08
2023-02-26, 2023021, 02 05 06 19 21 27 04
2023-02-09, 2023014, 06 07 18 23 27 30 05
2023-03-16, 2023029, 03 07 12 24 28 33 08
2023-02-28, 2023022, 10 11 18 19 23 31 03
2023-02-19, 2023018, 10 12 17 19 25 31 13
2023-03-19, 2023030, 02 03 07 16 30 31 06
2023-03-07, 2023025, 04 16 20 21 31 32 14
2023-03-05, 2023024, 03 06 09 17 27 28 03
2023-03-21, 2023031, 07 14 27 29 31 33 05
2023-02-14, 2023016, 14 16 19 23 28 30 03
2023-03-26, 2023033, 08 09 13 23 24 26 05
2023-02-12, 2023015, 02 03 14 21 29 32 08
2022-12-20, 2022146, 06 07 13 18 26 31 06
2022-12-18, 2022145, 03 21 25 30 31 33 11
2022-12-29, 2022150, 01 07 11 12 22 28 05
2022-12-25, 2022148, 02 15 16 17 21 31 14
2023-01-05, 2023003, 05 08 18 25 30 32 06
2023-02-07, 2023013, 06 10 14 22 23 33 13
2023-01-29, 2023009, 03 04 19 23 30 32 06
2022-12-22, 2022147, 02 03 07 13 20 30 10
2022-12-27, 2022149, 02 22 26 29 32 33 14
2023-01-12, 2023006, 02 10 12 14 24 26 05
2023-01-03, 2023002, 02 06 10 16 18 22 13
2023-01-31, 2023010, 04 05 13 18 27 29 12
2023-02-02, 2023011, 06 07 16 17 21 22 04
2023-01-15, 2023007, 05 06 09 22 25 31 03
2023-01-10, 2023005, 02 06 08 13 14 19 16
2023-01-17, 2023008, 05 13 18 20 26 28 06
2023-02-05, 2023012, 03 04 07 22 26 30 06
2023-01-08, 2023004, 01 07 15 16 20 25 16
2022-12-15, 2022144, 07 20 22 23 31 32 05
2023-01-01, 2023001, 09 16 18 22 28 32 02
2022-12-04, 2022139, 06 07 09 16 17 19 14
2022-12-06, 2022140, 08 09 18 19 20 27 15
2022-11-06, 2022127, 03 04 09 10 29 33 13
2022-11-24, 2022135, 09 11 13 24 28 32 06
2022-12-01, 2022138, 02 14 19 21 25 28 11
2022-12-08, 2022141, 05 12 13 17 20 27 14
2022-11-29, 2022137, 08 21 23 27 28 33 01
2022-11-15, 2022131, 03 05 10 13 19 29 06
2022-11-27, 2022136, 08 10 14 15 18 22 08
2022-12-13, 2022143, 07 08 13 29 30 33 03
2022-11-01, 2022125, 02 03 07 12 20 31 16
2022-11-03, 2022126, 01 13 15 17 26 33 13
2022-10-30, 2022124, 05 10 13 18 24 26 01
2022-11-20, 2022133, 05 08 16 17 21 25 12
2022-11-22, 2022134, 01 05 14 17 24 31 14
2022-11-08, 2022128, 03 12 18 24 27 29 01
2022-12-11, 2022142, 01 03 13 16 21 27 03
2022-11-13, 2022130, 02 08 15 17 26 28 12
2022-11-10, 2022129, 10 12 14 22 24 27 07
2022-11-17, 2022132, 01 03 18 26 32 33 04
2022-09-13, 2022106, 17 20 22 23 24 31 01
2022-10-18, 2022119, 02 05 15 18 26 27 04
2022-09-08, 2022104, 01 08 19 25 26 31 01
2022-10-06, 2022114, 01 05 15 19 26 29 13
2022-09-18, 2022108, 01 07 13 17 18 31 15
2022-10-20, 2022120, 02 15 19 26 27 29 02
2022-09-15, 2022107, 03 09 11 15 19 28 16
2022-09-29, 2022113, 13 14 20 24 27 29 02
2022-09-27, 2022112, 03 05 08 17 25 31 01
2022-09-22, 2022110, 09 13 15 18 20 28 15
2022-10-23, 2022121, 12 17 22 27 30 31 02
2022-09-25, 2022111, 02 10 11 13 28 31 01
2022-09-20, 2022109, 04 11 13 19 22 33 11
2022-10-16, 2022118, 02 06 07 11 14 33 08
2022-10-11, 2022116, 08 14 26 27 30 33 01
2022-09-11, 2022105, 06 12 13 15 21 23 15
2022-10-25, 2022122, 06 08 17 19 24 28 05
2022-10-09, 2022115, 06 07 18 20 27 29 09
2022-10-13, 2022117, 04 13 17 18 28 29 06
2022-10-27, 2022123, 10 13 16 20 21 25 05
2022-07-26, 2022085, 07 09 14 31 32 33 13
2022-08-18, 2022095, 04 13 14 18 20 28 08
2022-08-09, 2022091, 08 18 20 22 24 28 10
2022-07-28, 2022086, 01 04 08 21 23 24 11
2022-09-06, 2022103, 06 09 12 14 20 28 10
2022-08-16, 2022094, 06 11 13 16 19 31 02
2022-08-11, 2022092, 07 10 16 20 21 27 11
2022-08-23, 2022097, 04 05 10 13 30 31 14
2022-08-04, 2022089, 02 07 15 29 31 33 15
2022-08-21, 2022096, 03 16 17 19 25 33 07
2022-07-31, 2022087, 05 06 09 13 23 25 08
2022-08-02, 2022088, 03 09 15 17 20 22 06
2022-08-14, 2022093, 21 22 24 28 29 32 14
2022-09-04, 2022102, 09 10 12 18 29 32 14
2022-08-07, 2022090, 01 04 25 27 29 30 07
2022-09-01, 2022101, 04 16 18 19 27 28 04
2022-08-28, 2022099, 01 11 23 24 26 32 15
2022-08-30, 2022100, 02 06 07 15 20 21 15
2022-07-24, 2022084, 03 18 23 24 25 32 09
2022-08-25, 2022098, 02 03 04 06 21 33 05
2022-06-14, 2022067, 01 05 13 21 26 29 15
2022-06-16, 2022068, 07 12 15 24 26 29 06
2022-07-12, 2022079, 01 09 15 17 22 23 16
2022-06-26, 2022072, 05 14 15 16 18 32 12
2022-07-14, 2022080, 05 12 15 17 18 27 04
2022-06-09, 2022065, 09 14 18 23 28 31 02
2022-06-23, 2022071, 04 07 15 18 29 33 01
2022-06-28, 2022073, 06 10 14 15 26 29 12
2022-07-10, 2022078, 01 04 05 15 17 31 09
2022-07-03, 2022075, 01 02 04 25 26 30 10
2022-06-19, 2022069, 06 07 13 19 26 29 08
2022-06-21, 2022070, 04 06 09 27 28 33 02
2022-06-30, 2022074, 05 07 15 19 29 33 15
2022-06-07, 2022064, 04 06 12 13 17 31 16
2022-07-07, 2022077, 03 17 18 19 20 27 16
2022-07-19, 2022082, 04 10 11 23 30 32 14
2022-06-12, 2022066, 06 11 14 20 27 30 09
2022-07-21, 2022083, 08 12 13 14 19 20 05
2022-07-17, 2022081, 04 08 11 21 27 30 01
2022-07-05, 2022076, 08 09 10 13 24 29 02
2022-04-26, 2022046, 02 11 24 25 27 30 14
2022-04-21, 2022044, 01 07 08 21 23 29 06
2022-05-05, 2022050, 03 05 08 14 27 33 08
2022-05-19, 2022056, 01 06 11 14 17 26 15
2022-05-03, 2022049, 02 04 07 18 25 26 10
2022-05-31, 2022061, 01 03 16 18 29 33 06
2022-05-29, 2022060, 16 18 19 24 28 32 01
2022-05-12, 2022053, 10 14 18 23 27 33 15
2022-05-22, 2022057, 12 15 20 26 30 33 16
2022-05-24, 2022058, 06 13 14 23 31 33 01
2022-04-28, 2022047, 03 07 08 14 27 30 09
2022-05-01, 2022048, 05 07 17 20 26 31 14
2022-05-26, 2022059, 06 09 18 19 29 33 06
2022-05-08, 2022051, 02 05 11 17 21 33 01
2022-05-17, 2022055, 02 04 09 26 28 33 03
2022-05-15, 2022054, 08 12 21 27 28 33 11
2022-06-05, 2022063, 06 08 09 17 22 31 11
2022-04-24, 2022045, 03 12 17 18 19 28 04
2022-06-02, 2022062, 16 18 20 21 23 33 05
2022-05-10, 2022052, 07 24 27 29 31 32 15
2022-03-06, 2022024, 07 09 10 14 19 24 15
2022-03-20, 2022030, 12 23 24 26 27 30 05
2022-04-14, 2022041, 05 07 21 22 24 29 14
2022-04-05, 2022037, 01 10 13 20 22 32 14
2022-03-15, 2022028, 05 11 20 22 23 29 09
2022-04-12, 2022040, 03 12 14 16 31 33 12
2022-04-03, 2022036, 02 03 14 16 26 31 02
2022-04-17, 2022042, 05 10 11 21 22 30 13
2022-03-08, 2022025, 06 19 24 25 28 32 04
2022-03-27, 2022033, 05 12 19 22 25 26 05
2022-03-17, 2022029, 03 08 10 13 26 32 08
2022-03-10, 2022026, 03 04 10 15 22 24 02
2022-03-22, 2022031, 01 10 11 22 26 32 07
2022-03-31, 2022035, 08 12 13 19 23 25 15
2022-03-29, 2022034, 14 17 26 31 32 33 10
2022-04-10, 2022039, 02 06 07 10 15 20 05
2022-04-07, 2022038, 09 12 13 16 24 32 04
2022-04-19, 2022043, 02 17 20 23 25 27 08
2022-03-13, 2022027, 14 15 18 19 26 32 09
2022-03-24, 2022032, 04 10 11 14 23 32 07
2022-02-17, 2022017, 06 09 24 29 30 32 07
2022-01-09, 2022004, 05 19 24 28 30 32 14
2022-02-10, 2022014, 06 07 13 14 15 27 04
2022-01-13, 2022006, 03 06 09 15 22 31 02
2022-01-11, 2022005, 07 10 12 16 19 31 16
2022-01-27, 2022012, 04 07 08 29 30 31 01
2022-03-01, 2022022, 01 07 11 15 17 19 06
2022-02-20, 2022018, 07 11 16 17 30 32 16
2022-02-13, 2022015, 06 14 16 27 28 31 07
2022-01-23, 2022010, 12 18 19 20 21 32 15
2022-02-15, 2022016, 05 10 19 20 29 31 14
2022-03-03, 2022023, 07 12 17 19 24 25 02
2022-01-18, 2022008, 02 03 07 09 20 21 13
2022-01-16, 2022007, 01 20 22 23 25 28 16
2022-02-24, 2022020, 09 11 14 22 30 32 01
2022-01-25, 2022011, 06 15 23 24 25 33 15
2022-02-08, 2022013, 02 03 04 07 10 18 15
2022-01-20, 2022009, 04 15 17 19 25 28 16
2022-02-22, 2022019, 05 06 14 20 21 25 08
2022-02-27, 2022021, 03 07 22 24 26 31 14
2021-11-23, 2021134, 01 02 16 19 25 31 08
2021-12-09, 2021141, 01 14 19 23 26 30 10
2021-12-28, 2021149, 05 10 15 18 19 32 05
2021-11-28, 2021136, 02 06 09 15 19 28 16
2021-12-30, 2021150, 09 14 20 21 24 26 04
2022-01-04, 2022002, 02 12 21 23 25 31 08
2021-11-25, 2021135, 03 10 17 19 21 31 04
2021-12-19, 2021145, 04 07 10 14 16 26 09
2021-12-21, 2021146, 07 09 21 22 26 32 03
2021-12-16, 2021144, 02 05 13 15 23 26 07
2021-12-02, 2021138, 11 14 15 16 27 32 09
2021-11-30, 2021137, 03 07 10 14 21 24 01
2022-01-02, 2022001, 06 13 15 17 20 21 03
2021-12-23, 2021147, 05 10 11 13 27 28 09
2021-12-12, 2021142, 04 07 17 19 20 24 16
2021-12-07, 2021140, 05 10 16 26 27 33 01
2021-12-05, 2021139, 12 14 19 23 24 27 01
2022-01-06, 2022003, 02 05 16 17 18 30 06
2021-12-14, 2021143, 01 09 11 13 20 29 09
2021-12-26, 2021148, 10 12 15 17 19 20 08
2021-10-26, 2021122, 04 05 12 15 18 28 07
2021-11-11, 2021129, 04 15 21 27 28 29 10
2021-10-28, 2021123, 06 14 15 19 29 31 05
2021-11-07, 2021127, 07 15 16 20 27 29 07
2021-10-31, 2021124, 01 03 18 22 29 32 02
2021-10-19, 2021119, 03 09 10 11 28 29 13
2021-11-21, 2021133, 01 03 12 19 27 31 10
2021-10-12, 2021116, 06 14 17 18 31 33 06
2021-11-18, 2021132, 01 04 06 14 20 28 08
2021-11-14, 2021130, 08 09 15 24 26 30 06
2021-11-09, 2021128, 05 17 20 21 23 33 04
2021-10-17, 2021118, 02 06 14 18 20 31 13
2021-11-02, 2021125, 14 19 20 23 24 31 09
2021-11-04, 2021126, 19 20 23 27 28 31 01
2021-10-21, 2021120, 01 07 08 12 13 18 05
2021-10-14, 2021117, 03 05 17 21 27 33 04
2021-10-10, 2021115, 02 10 12 15 24 27 08
2021-11-16, 2021131, 08 11 18 19 20 24 01
2021-10-07, 2021114, 04 06 08 14 24 27 02
2021-10-24, 2021121, 04 05 12 16 22 30 15
2021-09-30, 2021112, 05 06 21 25 28 33 07
2021-09-07, 2021102, 05 09 15 24 27 30 09
2021-09-23, 2021109, 02 03 10 17 20 26 16
2021-08-22, 2021095, 08 12 17 24 27 28 13
2021-08-29, 2021098, 01 10 13 18 26 32 05
2021-08-26, 2021097, 03 11 12 13 25 28 12
2021-10-05, 2021113, 04 07 10 22 27 30 02
2021-08-19, 2021094, 09 11 24 25 28 33 15
2021-09-26, 2021110, 10 13 15 24 31 32 02
2021-08-31, 2021099, 09 11 17 18 20 27 15
2021-09-21, 2021108, 11 15 18 24 26 32 09
2021-09-28, 2021111, 17 20 22 23 26 28 06
2021-09-02, 2021100, 07 09 12 13 14 29 16
2021-09-19, 2021107, 02 03 17 19 25 30 01
2021-08-24, 2021096, 01 07 11 14 15 26 11
2021-09-09, 2021103, 10 13 15 25 29 30 15
2021-09-16, 2021106, 01 04 07 14 30 31 03
2021-09-14, 2021105, 10 14 15 22 27 32 09
2021-09-05, 2021101, 02 04 12 22 29 31 01
2021-09-12, 2021104, 01 07 17 20 22 28 15
2021-07-29, 2021085, 05 06 07 11 14 20 02
2021-07-15, 2021079, 01 03 10 24 28 29 13
2021-08-01, 2021086, 06 08 10 14 28 29 01
2021-08-15, 2021092, 02 07 08 10 12 31 03
2021-07-25, 2021083, 04 09 11 25 28 33 04
2021-08-08, 2021089, 01 02 07 13 23 24 12
2021-08-17, 2021093, 05 11 15 23 28 33 03
2021-08-03, 2021087, 02 13 16 19 23 24 04
2021-07-08, 2021076, 03 09 21 23 30 32 06
2021-07-06, 2021075, 12 15 16 21 22 29 01
2021-08-12, 2021091, 04 06 16 24 26 33 16
2021-07-20, 2021081, 01 03 05 18 22 23 01
2021-08-10, 2021090, 05 06 12 14 27 28 08
2021-07-27, 2021084, 05 07 09 11 21 28 01
2021-07-18, 2021080, 05 08 22 23 24 29 09
2021-07-13, 2021078, 04 06 15 26 27 31 12
2021-08-05, 2021088, 04 12 15 16 19 26 06
2021-07-22, 2021082, 03 06 11 13 26 32 05
2021-07-11, 2021077, 08 15 17 25 27 30 10
2021-07-04, 2021074, 04 05 09 14 25 27 07
2021-06-20, 2021068, 04 14 18 24 31 32 15
2021-05-30, 2021059, 01 09 11 18 32 33 14
2021-06-01, 2021060, 10 11 17 20 29 30 15
2021-06-24, 2021070, 01 05 11 15 16 29 15
2021-06-29, 2021072, 01 09 15 16 19 21 15
2021-06-15, 2021066, 02 06 19 26 30 33 15
2021-05-27, 2021058, 09 11 13 18 19 28 14
2021-06-13, 2021065, 01 04 08 19 29 33 16
2021-05-23, 2021056, 08 21 22 23 29 32 01
2021-06-10, 2021064, 04 06 08 15 16 18 16
2021-05-20, 2021055, 03 11 12 16 22 28 10
2021-05-25, 2021057, 05 06 09 17 25 33 16
2021-06-27, 2021071, 01 07 24 31 32 33 08
2021-06-17, 2021067, 01 11 19 23 25 29 09
2021-06-06, 2021062, 12 13 15 20 22 25 10
2021-05-18, 2021054, 07 13 21 22 24 31 02
2021-07-01, 2021073, 01 06 18 22 24 25 08
2021-06-03, 2021061, 04 09 12 18 20 23 01
2021-06-08, 2021063, 04 05 06 09 23 24 09
2021-06-22, 2021069, 06 11 18 20 23 26 05
2021-04-11, 2021038, 05 07 09 16 18 27 06
2021-04-13, 2021039, 02 08 21 24 29 31 13
2021-05-09, 2021050, 02 09 10 16 25 28 08
2021-04-20, 2021042, 05 09 10 22 25 27 08
2021-04-01, 2021034, 04 10 12 18 23 25 01
2021-05-11, 2021051, 08 09 10 19 27 29 15
2021-04-25, 2021044, 05 07 14 17 26 28 13
2021-04-06, 2021036, 01 02 06 11 21 26 11
2021-04-27, 2021045, 01 04 14 15 17 32 02
2021-04-22, 2021043, 02 03 17 18 23 24 01
2021-04-18, 2021041, 02 09 18 23 26 32 14
2021-05-16, 2021053, 07 10 14 16 24 33 16
2021-05-13, 2021052, 03 04 06 19 21 30 14
2021-04-15, 2021040, 02 06 07 24 28 29 16
2021-05-06, 2021049, 04 11 13 22 25 32 01
2021-04-08, 2021037, 13 17 19 24 26 30 12
2021-04-29, 2021046, 05 09 13 21 28 33 06
2021-04-04, 2021035, 12 14 18 20 26 28 11
2021-05-04, 2021048, 04 15 17 22 29 32 03
2021-05-02, 2021047, 03 07 13 16 24 29 01
2021-02-25, 2021019, 12 16 17 24 28 29 08
2021-03-09, 2021024, 01 04 06 10 11 18 02
2021-03-23, 2021030, 08 09 13 27 29 31 05
2021-03-11, 2021025, 06 08 14 17 18 30 11
2021-02-04, 2021015, 06 14 16 26 28 29 07
2021-03-28, 2021032, 01 05 08 15 16 30 03
2021-02-07, 2021016, 03 08 09 13 15 18 10
2021-03-25, 2021031, 06 11 21 25 28 31 07
2021-02-21, 2021017, 09 15 18 29 32 33 02
2021-03-04, 2021022, 10 15 17 25 31 32 06
2021-03-18, 2021028, 11 16 23 26 27 33 05
2021-03-14, 2021026, 03 05 13 19 20 25 03
2021-03-16, 2021027, 05 07 09 16 20 26 08
2021-03-21, 2021029, 08 10 15 17 22 30 12
2021-03-02, 2021021, 04 08 17 24 28 33 13
2021-02-02, 2021014, 04 15 21 25 29 33 06
2021-02-23, 2021018, 02 08 14 23 25 32 06
2021-02-28, 2021020, 01 03 06 07 09 11 02
2021-03-07, 2021023, 02 21 22 23 27 28 11
2021-03-30, 2021033, 02 12 13 14 31 33 06
2020-12-22, 2020130, 08 09 11 14 17 29 16
2021-01-07, 2021003, 06 09 16 18 22 29 11
2021-01-31, 2021013, 06 09 12 16 27 31 06
2021-01-24, 2021010, 01 04 11 19 32 33 05
2021-01-17, 2021007, 02 04 12 21 25 32 16
2021-01-03, 2021001, 02 03 13 18 20 31 11
2020-12-20, 2020129, 01 02 05 15 28 33 04
2021-01-19, 2021008, 01 05 07 14 18 33 07
2021-01-26, 2021011, 05 10 16 23 27 33 14
2021-01-05, 2021002, 06 10 13 25 26 32 11
2020-12-27, 2020132, 01 04 11 12 14 23 04
2020-12-31, 2020134, 02 09 10 20 22 26 01
2021-01-12, 2021005, 07 09 14 26 30 31 04
2020-12-17, 2020128, 08 10 15 16 23 26 10
2021-01-21, 2021009, 02 04 07 24 25 32 13
2021-01-28, 2021012, 03 06 14 18 20 26 01
2021-01-10, 2021004, 02 03 07 08 17 22 15
2020-12-29, 2020133, 03 19 22 23 27 29 07
2021-01-14, 2021006, 06 08 22 24 25 26 01
2020-12-24, 2020131, 08 19 22 26 27 30 07
2020-11-08, 2020111, 06 09 17 22 24 26 16
2020-11-26, 2020119, 01 09 22 28 32 33 15
2020-12-03, 2020122, 12 15 17 24 26 31 15
2020-11-15, 2020114, 01 05 11 24 30 32 03
2020-11-03, 2020109, 06 13 16 20 23 32 13
2020-12-08, 2020124, 16 18 19 20 29 33 12
2020-11-12, 2020113, 01 03 07 10 22 32 11
2020-12-15, 2020127, 01 04 18 19 26 31 07
2020-11-17, 2020115, 01 04 12 20 25 32 02
2020-11-22, 2020117, 07 08 09 10 16 27 07
2020-11-24, 2020118, 11 13 19 26 30 33 05
2020-11-10, 2020112, 02 09 12 17 28 32 05
2020-11-29, 2020120, 01 02 03 04 09 10 12
2020-12-13, 2020126, 03 07 12 14 23 28 11
2020-12-01, 2020121, 02 04 06 21 25 29 03
2020-12-06, 2020123, 01 03 18 19 26 29 03
2020-12-10, 2020125, 05 12 16 26 30 31 13
2020-11-01, 2020108, 10 12 15 17 23 32 05
2020-11-19, 2020116, 05 06 14 16 19 27 10
2020-11-05, 2020110, 02 06 09 14 22 25 04
2020-09-20, 2020092, 01 06 12 18 22 24 03
2020-09-22, 2020093, 04 05 10 13 15 19 15
2020-09-27, 2020095, 03 09 16 17 20 26 02
2020-10-27, 2020106, 02 04 11 15 18 28 10
2020-09-15, 2020090, 02 21 23 26 31 32 06
2020-10-25, 2020105, 06 14 19 20 22 24 01
2020-10-06, 2020097, 02 08 21 25 26 30 10
2020-10-15, 2020101, 10 17 24 25 28 30 15
2020-10-22, 2020104, 04 08 10 16 27 29 09
2020-10-11, 2020099, 05 06 11 12 15 30 12
2020-10-13, 2020100, 01 07 15 16 20 23 07
2020-09-24, 2020094, 10 15 17 27 29 31 08
2020-10-18, 2020102, 09 10 19 25 26 29 08
2020-09-29, 2020096, 01 20 23 26 27 32 15
2020-10-29, 2020107, 03 09 11 24 25 28 16
2020-09-13, 2020089, 02 14 16 21 29 30 10
2020-10-08, 2020098, 06 08 11 22 25 33 02
2020-10-20, 2020103, 04 09 10 22 28 32 08
2020-09-10, 2020088, 01 06 12 26 29 30 12
2020-09-17, 2020091, 01 09 11 12 16 19 16
2020-08-06, 2020073, 05 07 11 13 27 29 03
2020-08-18, 2020078, 03 11 14 16 21 32 04
2020-09-01, 2020084, 03 07 16 17 23 30 07
2020-08-09, 2020074, 04 08 09 13 19 33 12
2020-08-16, 2020077, 03 10 16 21 25 27 12
2020-09-03, 2020085, 01 02 05 09 19 24 16
2020-09-08, 2020087, 11 15 20 23 25 33 10
2020-08-13, 2020076, 10 15 16 18 20 27 06
2020-09-06, 2020086, 02 04 06 15 24 27 06
2020-08-20, 2020079, 05 12 20 21 22 29 14
2020-07-30, 2020070, 01 02 04 06 19 21 15
2020-08-25, 2020081, 01 05 13 14 27 33 15
2020-07-28, 2020069, 03 09 10 13 18 26 04
2020-08-02, 2020071, 09 11 12 13 22 23 08
2020-08-27, 2020082, 02 08 11 17 21 30 09
2020-08-23, 2020080, 14 15 18 22 31 33 01
2020-08-11, 2020075, 03 11 13 20 24 30 16
2020-08-04, 2020072, 06 08 10 15 17 26 04
2020-07-26, 2020068, 12 16 21 26 27 32 10
2020-08-30, 2020083, 01 19 25 26 30 31 12
2020-07-09, 2020061, 08 17 24 26 27 31 04
2020-07-02, 2020058, 01 03 11 12 19 26 07
2020-06-11, 2020049, 01 07 09 12 18 22 04
2020-06-21, 2020053, 02 14 15 16 32 33 01
2020-07-14, 2020063, 12 15 16 22 29 32 14
2020-06-18, 2020052, 02 08 13 29 32 33 15
2020-07-07, 2020060, 05 09 14 20 24 30 08
2020-06-23, 2020054, 03 10 19 25 26 31 02
2020-07-16, 2020064, 01 03 07 21 27 32 01
2020-07-19, 2020065, 09 15 18 21 23 26 08
2020-06-14, 2020050, 04 09 17 20 32 33 15
2020-06-09, 2020048, 12 14 18 23 30 32 02
2020-06-28, 2020056, 02 05 08 12 26 31 14
2020-06-25, 2020055, 01 05 07 23 28 30 12
2020-06-16, 2020051, 03 06 08 11 19 28 08
2020-07-21, 2020066, 02 09 13 17 26 28 07
2020-07-23, 2020067, 04 07 09 23 27 30 08
2020-07-12, 2020062, 10 14 17 22 26 27 05
2020-07-05, 2020059, 02 04 10 17 22 25 14
2020-06-30, 2020057, 09 14 21 23 26 32 03
2020-05-05, 2020033, 07 10 12 21 31 32 01
2020-06-02, 2020045, 02 03 15 21 22 33 16
2020-05-19, 2020039, 02 09 10 11 16 29 02
2020-05-03, 2020032, 03 11 13 14 15 26 13
2020-05-07, 2020034, 02 08 15 16 26 32 03
2020-05-26, 2020042, 02 06 07 11 14 31 03
2020-04-26, 2020029, 01 12 18 20 30 32 05
2020-05-17, 2020038, 01 06 07 18 23 24 15
2020-05-24, 2020041, 06 07 16 22 24 25 13
2020-05-14, 2020037, 01 04 11 13 17 24 15
2020-05-28, 2020043, 01 11 24 25 27 30 07
2020-04-23, 2020028, 05 06 15 18 26 32 08
2020-06-04, 2020046, 13 19 25 26 27 32 08
2020-05-10, 2020035, 10 14 24 25 28 33 11
2020-05-21, 2020040, 01 06 12 16 19 21 04
2020-04-28, 2020030, 17 18 21 29 30 32 03
2020-05-31, 2020044, 07 08 16 17 19 24 07
2020-05-12, 2020036, 07 09 16 22 24 32 06
2020-04-30, 2020031, 02 05 09 15 16 27 09
2020-06-07, 2020047, 04 10 17 19 28 32 01
2020-03-31, 2020018, 05 07 08 11 17 22 13
2020-03-17, 2020012, 04 13 14 23 26 31 09
2020-03-22, 2020014, 02 07 08 10 12 16 07
2020-04-19, 2020026, 01 04 09 18 19 31 06
2020-04-07, 2020021, 02 06 14 16 27 31 07
2020-03-19, 2020013, 02 08 10 20 21 30 14
2020-01-19, 2020008, 01 04 06 10 11 28 16
2020-04-09, 2020022, 02 10 20 22 25 30 02
2020-04-16, 2020025, 01 09 10 15 20 29 02
2020-04-12, 2020023, 04 05 20 21 30 33 08
2020-03-12, 2020010, 11 14 22 27 31 32 09
2020-04-21, 2020027, 12 13 14 24 25 28 06
2020-04-14, 2020024, 10 13 27 28 29 31 08
2020-03-29, 2020017, 02 04 07 15 20 27 04
2020-03-24, 2020015, 08 09 22 24 30 33 01
2020-03-15, 2020011, 04 05 07 17 18 29 01
2020-04-02, 2020019, 15 19 27 28 30 33 03
2020-01-21, 2020009, 03 06 08 14 19 26 12
2020-04-05, 2020020, 01 06 09 13 15 22 14
2020-03-26, 2020016, 05 06 08 17 24 27 07
2020-01-09, 2020004, 02 15 17 27 32 33 03
2019-12-29, 2019150, 02 09 14 22 27 29 02
2020-01-14, 2020006, 03 04 05 10 16 32 09
2020-01-07, 2020003, 09 17 26 29 30 32 03
2019-12-19, 2019146, 01 04 10 12 30 32 14
2019-12-24, 2019148, 09 10 13 20 26 27 08
2020-01-12, 2020005, 11 16 17 22 26 32 04
2020-01-16, 2020007, 05 12 17 20 25 31 10
2019-12-22, 2019147, 01 09 12 14 23 27 12
2019-12-05, 2019140, 02 04 09 11 14 22 05
2019-12-12, 2019143, 05 13 15 16 26 32 09
2019-12-26, 2019149, 01 06 27 28 31 33 07
2019-12-08, 2019141, 10 13 14 15 17 33 14
2019-12-10, 2019142, 08 14 24 27 29 33 09
2019-12-31, 2019151, 02 06 09 18 24 26 14
2019-12-03, 2019139, 08 14 20 23 30 33 11
2020-01-05, 2020002, 04 09 14 15 16 29 11
2019-12-15, 2019144, 02 12 15 19 27 30 03
2020-01-02, 2020001, 02 15 23 26 29 30 02
2019-12-17, 2019145, 01 08 13 17 18 19 16
2019-12-01, 2019138, 02 06 12 30 31 32 11
2019-11-07, 2019128, 03 08 12 16 17 19 08
2019-11-19, 2019133, 03 07 16 21 24 31 07
2019-11-14, 2019131, 09 17 19 20 24 31 04
2019-11-05, 2019127, 02 06 07 12 17 24 10
2019-10-29, 2019124, 04 09 30 31 32 33 01
2019-11-10, 2019129, 03 04 07 09 15 26 07
2019-11-26, 2019136, 12 14 15 17 29 33 12
2019-11-12, 2019130, 01 07 09 11 24 32 16
2019-10-27, 2019123, 02 06 08 17 28 30 06
2019-10-24, 2019122, 04 10 15 19 21 23 02
2019-11-21, 2019134, 01 04 06 22 29 30 03
2019-11-17, 2019132, 04 06 11 14 19 33 07
2019-10-17, 2019119, 04 20 22 24 26 33 07
2019-11-28, 2019137, 07 10 13 19 23 31 06
2019-10-20, 2019120, 10 12 27 31 32 33 03
2019-11-03, 2019126, 02 14 17 29 32 33 16
2019-11-24, 2019135, 03 06 10 11 27 33 03
2019-10-31, 2019125, 02 11 12 26 27 29 03
2019-10-22, 2019121, 02 06 15 21 30 31 02
2019-09-08, 2019105, 02 13 15 17 26 33 01
2019-09-03, 2019103, 04 12 14 21 27 29 12
2019-09-17, 2019109, 03 06 07 17 28 31 10
2019-09-19, 2019110, 01 18 22 26 27 28 08
2019-09-01, 2019102, 03 08 12 16 20 32 12
2019-09-22, 2019111, 07 18 20 22 24 33 01
2019-09-24, 2019112, 03 12 14 17 23 27 01
2019-09-29, 2019114, 02 04 09 11 12 30 01
2019-08-25, 2019099, 07 14 22 23 27 30 08
2019-09-15, 2019108, 07 13 19 22 25 32 13
2019-10-15, 2019118, 12 14 15 25 28 31 04
2019-10-08, 2019115, 04 10 11 14 15 29 05
2019-10-10, 2019116, 01 08 09 13 16 33 01
2019-09-05, 2019104, 01 05 16 17 18 24 10
2019-09-26, 2019113, 01 05 19 21 25 33 15
2019-09-10, 2019106, 02 14 22 27 30 33 14
2019-08-29, 2019101, 01 04 09 21 31 33 05
2019-08-27, 2019100, 01 04 12 13 30 32 08
2019-10-13, 2019117, 03 05 11 28 32 33 01
2019-09-12, 2019107, 02 06 08 23 27 32 02
2019-07-25, 2019086, 16 22 24 26 28 31 06
2019-07-28, 2019087, 04 05 07 09 21 30 04
2019-07-30, 2019088, 13 14 15 21 23 29 13
2019-08-13, 2019094, 05 10 12 18 19 27 06
2019-08-15, 2019095, 02 05 14 19 21 28 01
2019-08-11, 2019093, 05 07 08 09 20 22 02
2019-08-22, 2019098, 03 11 12 14 17 26 09
2019-08-06, 2019091, 07 10 21 24 29 32 11
2019-08-18, 2019096, 05 07 12 18 27 32 11
2019-08-01, 2019089, 02 04 14 16 20 22 11
2019-07-23, 2019085, 01 04 14 18 24 29 04
2019-08-08, 2019092, 09 17 27 28 32 33 08
2019-07-16, 2019082, 07 16 19 22 24 28 02
2019-07-21, 2019084, 04 08 14 18 20 27 03
2019-07-09, 2019079, 01 03 06 09 19 31 16
2019-07-14, 2019081, 05 24 27 29 31 32 10
2019-08-20, 2019097, 03 05 18 24 25 31 09
2019-07-18, 2019083, 06 15 17 26 28 31 03
2019-07-11, 2019080, 03 06 08 20 24 32 07
2019-08-04, 2019090, 02 03 06 08 14 22 04
2019-06-23, 2019072, 02 09 13 15 22 30 15
2019-06-25, 2019073, 01 02 06 12 16 18 08
2019-05-23, 2019059, 04 05 07 09 16 18 06
2019-05-28, 2019061, 03 17 19 24 27 31 12
2019-07-04, 2019077, 09 11 13 18 21 22 15
2019-06-16, 2019069, 06 11 16 19 21 25 01
2019-05-26, 2019060, 03 04 14 20 23 27 01
2019-06-30, 2019075, 05 08 20 22 31 33 03
2019-06-13, 2019068, 03 14 20 24 26 33 10
2019-07-07, 2019078, 01 17 27 29 31 33 12
2019-06-04, 2019064, 12 20 24 25 30 33 12
2019-06-09, 2019066, 01 14 17 20 22 32 04
2019-06-11, 2019067, 04 06 08 11 30 33 11
2019-06-20, 2019071, 01 08 19 24 29 30 04
2019-07-02, 2019076, 12 15 19 20 29 32 14
2019-05-30, 2019062, 07 13 16 23 26 30 01
2019-06-18, 2019070, 06 15 18 19 24 32 09
2019-06-06, 2019065, 06 09 11 15 20 26 10
2019-06-02, 2019063, 01 14 19 22 29 31 16
2019-06-27, 2019074, 12 21 27 29 31 33 04
2019-05-16, 2019056, 13 14 17 19 21 29 01
2019-05-14, 2019055, 01 06 11 15 19 31 10
2019-05-21, 2019058, 07 08 12 21 23 27 12
2019-04-14, 2019042, 15 17 19 22 25 26 04
2019-04-11, 2019041, 02 09 13 23 24 26 16
2019-04-07, 2019039, 06 07 11 14 27 32 08
2019-04-23, 2019046, 02 12 16 22 25 32 06
2019-05-19, 2019057, 04 05 06 08 13 18 16
2019-04-16, 2019043, 01 06 12 13 24 32 13
2019-05-09, 2019053, 04 16 22 25 29 31 08
2019-05-12, 2019054, 07 10 11 15 24 26 11
2019-04-18, 2019044, 06 14 16 17 23 29 07
2019-05-02, 2019050, 04 06 10 11 21 23 02
2019-04-25, 2019047, 03 11 18 25 30 33 14
2019-04-09, 2019040, 05 06 09 18 23 31 11
2019-05-05, 2019051, 08 09 10 13 15 28 09
2019-04-21, 2019045, 01 06 17 19 27 31 14
2019-04-30, 2019049, 03 10 13 22 23 28 15
2019-04-28, 2019048, 03 07 10 12 18 29 10
2019-05-07, 2019052, 03 06 09 13 16 19 16
2019-03-03, 2019024, 01 08 23 25 28 29 10
2019-03-31, 2019036, 02 10 13 16 23 32 08
2019-03-10, 2019027, 02 06 08 10 11 17 13
2019-04-02, 2019037, 01 07 12 14 18 25 10
2019-03-12, 2019028, 04 19 22 26 29 30 11
2019-03-21, 2019032, 04 08 09 13 28 33 04
2019-03-19, 2019031, 03 13 15 18 21 33 16
2019-02-21, 2019020, 02 12 13 23 27 28 12
2019-03-24, 2019033, 09 15 19 21 23 29 15
2019-04-04, 2019038, 09 12 21 27 29 30 05
2019-03-28, 2019035, 01 05 07 09 10 20 16
2019-02-24, 2019021, 02 05 07 08 20 27 04
2019-02-28, 2019023, 01 10 14 15 18 31 13
2019-03-07, 2019026, 03 13 15 19 20 27 14
2019-03-05, 2019025, 15 16 21 27 30 33 04
2019-03-14, 2019029, 08 11 17 23 32 33 10
2019-02-26, 2019022, 03 07 11 21 30 33 07
2019-02-19, 2019019, 03 11 17 18 24 25 06
2019-03-17, 2019030, 04 05 07 10 12 22 16
2019-03-26, 2019034, 09 11 15 22 24 26 03
2019-01-20, 2019009, 01 07 10 22 31 32 15
2019-01-13, 2019006, 01 05 10 19 26 28 12
2019-01-22, 2019010, 02 04 05 08 11 30 02
2019-01-29, 2019013, 05 07 14 16 18 21 01
2019-01-24, 2019011, 10 13 19 21 24 30 07
2019-01-03, 2019002, 04 05 06 08 09 18 11
2019-02-12, 2019016, 05 07 09 11 19 25 05
2019-01-27, 2019012, 07 10 21 23 31 33 14
2019-01-10, 2019005, 21 22 26 28 31 32 07
2019-01-08, 2019004, 08 12 16 19 26 32 03
2019-02-03, 2019015, 11 15 16 20 24 31 04
2019-01-15, 2019007, 06 10 14 15 19 23 15
2019-01-17, 2019008, 02 06 09 13 28 32 12
2019-01-31, 2019014, 01 02 03 14 19 33 03
2019-02-17, 2019018, 04 11 18 19 26 32 04
2019-02-14, 2019017, 04 05 24 28 30 33 09
2019-01-01, 2019001, 06 10 13 15 32 33 15
2019-01-06, 2019003, 13 17 20 21 22 27 01
2018-12-27, 2018152, 04 14 16 23 28 29 03
2018-12-30, 2018153, 01 07 17 23 25 31 11
2018-12-16, 2018147, 03 15 17 23 27 30 11
2018-12-13, 2018146, 02 10 11 17 18 29 16
2018-11-22, 2018137, 03 05 11 15 20 23 09
2018-12-06, 2018143, 04 06 15 28 32 33 14
2018-12-02, 2018141, 11 14 16 18 24 33 04
2018-11-20, 2018136, 10 12 15 25 26 27 14
2018-12-04, 2018142, 05 08 10 11 27 28 11
2018-11-27, 2018139, 11 18 20 23 31 32 15
2018-12-09, 2018144, 08 13 17 18 20 27 13
2018-11-13, 2018133, 02 04 11 12 18 32 13
2018-12-20, 2018149, 01 07 08 10 12 24 01
2018-11-18, 2018135, 01 03 06 10 11 29 16
2018-12-25, 2018151, 05 15 19 25 26 29 15
2018-11-29, 2018140, 01 15 20 22 25 28 14
2018-12-11, 2018145, 03 09 13 22 23 25 06
2018-11-11, 2018132, 01 02 09 10 15 22 06
2018-11-15, 2018134, 03 16 18 31 32 33 12
2018-11-25, 2018138, 01 10 25 27 30 32 09
2018-12-18, 2018148, 03 06 18 19 21 31 01
2018-12-23, 2018150, 06 08 15 19 20 31 05
2018-10-25, 2018125, 03 10 11 14 15 32 02
2018-10-18, 2018122, 05 07 20 22 30 32 10
2018-10-23, 2018124, 09 13 14 19 22 25 02
2018-10-16, 2018121, 06 08 14 19 23 25 11
2018-10-11, 2018119, 03 13 14 16 25 27 12
2018-10-14, 2018120, 03 04 18 26 27 33 01
2018-11-01, 2018128, 06 07 08 19 22 23 02
2018-09-27, 2018113, 01 06 09 16 25 26 09
2018-11-08, 2018131, 21 22 24 31 32 33 01
2018-10-02, 2018115, 01 13 19 24 26 29 11
2018-10-07, 2018117, 08 11 15 17 23 25 05
2018-11-04, 2018129, 02 04 06 16 18 19 16
2018-09-25, 2018112, 05 08 18 25 26 31 04
2018-09-30, 2018114, 01 07 15 16 20 27 14
2018-10-09, 2018118, 08 12 21 22 27 31 09
2018-10-28, 2018126, 01 06 08 09 14 22 05
2018-10-21, 2018123, 13 21 24 27 31 32 01
2018-10-04, 2018116, 05 14 17 22 23 28 15
2018-10-30, 2018127, 02 05 06 07 11 15 12
2018-11-06, 2018130, 05 12 17 18 24 28 12
2018-08-16, 2018095, 10 11 12 21 26 33 09
2018-09-09, 2018105, 04 05 13 18 19 25 01
2018-09-06, 2018104, 02 03 06 19 25 29 01
2018-08-26, 2018099, 03 07 08 14 25 32 06
2018-09-02, 2018102, 02 06 11 19 21 28 05
2018-09-23, 2018111, 01 07 14 24 25 28 08
2018-08-14, 2018094, 04 07 16 20 24 30 05
2018-09-13, 2018107, 01 02 05 12 20 22 01
2018-09-04, 2018103, 02 09 15 22 23 24 16
2018-08-09, 2018092, 06 10 16 19 24 33 16
2018-09-11, 2018106, 04 18 19 24 25 26 10
2018-08-12, 2018093, 04 18 20 21 29 33 07
2018-09-18, 2018109, 10 11 18 23 31 33 15
2018-08-19, 2018096, 01 05 09 20 28 32 12
2018-08-23, 2018098, 06 10 11 20 29 32 13
2018-08-28, 2018100, 02 11 14 15 29 33 02
2018-09-20, 2018110, 11 13 16 21 22 23 02
2018-09-16, 2018108, 05 13 18 21 26 30 02
2018-08-21, 2018097, 01 02 17 20 25 28 13
2018-08-30, 2018101, 01 03 14 26 29 33 09
2018-07-12, 2018080, 04 07 13 20 29 33 03
2018-07-31, 2018088, 03 05 12 29 30 32 14
2018-07-24, 2018085, 04 10 25 26 30 33 06
2018-08-07, 2018091, 06 11 13 17 25 32 07
2018-07-08, 2018078, 03 10 14 17 18 30 12
2018-07-17, 2018082, 06 12 14 20 22 24 09
2018-06-28, 2018074, 09 11 14 20 27 30 09
2018-07-05, 2018077, 02 05 09 15 20 24 10
2018-07-26, 2018086, 02 07 17 21 23 26 16
2018-07-15, 2018081, 01 02 12 16 20 26 03
2018-07-03, 2018076, 03 07 08 15 29 30 13
2018-07-29, 2018087, 01 05 10 16 18 31 03
2018-07-19, 2018083, 04 09 18 21 32 33 03
2018-08-02, 2018089, 06 09 12 14 18 27 14
2018-07-10, 2018079, 14 15 17 22 24 29 13
2018-07-22, 2018084, 05 06 08 12 22 24 03
2018-08-05, 2018090, 01 02 04 10 14 23 07
2018-06-24, 2018072, 11 16 19 22 25 30 08
2018-06-26, 2018073, 02 09 14 15 16 23 10
2018-07-01, 2018075, 07 09 12 13 22 24 11
2018-05-22, 2018058, 07 12 13 16 26 31 07
2018-05-27, 2018060, 04 08 13 25 30 31 10
2018-05-13, 2018054, 04 06 18 22 25 33 16
2018-05-29, 2018061, 09 10 11 12 18 23 07
2018-06-03, 2018063, 05 06 10 16 20 25 12
2018-05-24, 2018059, 04 06 08 13 22 32 11
2018-05-08, 2018052, 03 05 06 09 15 32 14
2018-06-05, 2018064, 02 05 10 11 17 21 05
2018-06-12, 2018067, 01 04 09 12 15 18 05
2018-05-17, 2018056, 01 03 06 20 21 26 01
2018-05-20, 2018057, 05 15 17 19 20 30 13
2018-06-17, 2018069, 06 13 17 19 23 31 12
2018-05-15, 2018055, 07 09 10 12 22 26 07
2018-06-19, 2018070, 04 09 15 16 19 27 10
2018-06-14, 2018068, 08 10 17 20 27 30 01
2018-06-21, 2018071, 02 05 06 13 16 19 03
2018-06-07, 2018065, 01 04 06 14 28 33 01
2018-06-10, 2018066, 09 16 17 19 22 26 10
2018-05-10, 2018053, 01 04 10 11 14 27 06
2018-05-31, 2018062, 02 18 19 24 25 33 11
2018-05-03, 2018050, 01 02 04 10 18 19 07
2018-04-01, 2018036, 08 17 24 26 28 33 04
2018-04-24, 2018046, 10 13 14 18 20 31 03
2018-04-15, 2018042, 06 10 21 28 29 31 12
2018-03-27, 2018034, 01 05 11 22 23 26 15
2018-04-12, 2018041, 07 08 20 23 24 32 13
2018-04-19, 2018044, 05 09 12 17 27 30 06
2018-04-22, 2018045, 03 04 06 25 26 30 01
2018-05-01, 2018049, 01 03 04 11 19 23 02
2018-04-10, 2018040, 01 03 08 13 18 23 16
2018-04-29, 2018048, 01 12 20 25 30 31 02
2018-04-26, 2018047, 06 07 12 16 22 25 07
2018-04-03, 2018037, 01 06 07 08 27 30 10
2018-04-08, 2018039, 08 12 18 19 23 32 03
2018-04-05, 2018038, 15 23 24 25 28 29 09
2018-03-22, 2018032, 21 22 23 24 25 32 06
2018-05-06, 2018051, 05 07 20 23 27 31 04
2018-03-25, 2018033, 04 19 20 22 28 33 06
2018-03-29, 2018035, 07 10 11 17 23 28 15
2018-04-17, 2018043, 01 04 06 08 21 24 07
2018-03-20, 2018031, 02 16 18 19 27 30 14
2018-02-11, 2018018, 02 12 13 18 25 27 07
2018-02-27, 2018022, 07 14 19 21 22 23 03
2018-02-08, 2018017, 03 06 11 26 30 32 12
2018-03-15, 2018029, 01 02 09 14 22 25 05
2018-03-11, 2018027, 02 07 09 14 18 28 05
2018-01-30, 2018013, 06 08 13 15 22 33 06
2018-01-28, 2018012, 11 12 13 19 26 28 12
2018-02-22, 2018020, 06 09 10 14 28 30 05
2018-02-25, 2018021, 03 04 06 11 23 28 14
2018-03-04, 2018024, 11 19 22 26 31 32 02
2018-02-06, 2018016, 01 11 12 18 25 27 16
2018-03-06, 2018025, 04 13 16 19 21 25 14
2018-02-01, 2018014, 09 12 20 24 28 31 07
2018-02-13, 2018019, 03 11 12 16 21 23 09
2018-03-13, 2018028, 03 08 11 14 18 23 16
2018-03-08, 2018026, 04 07 12 14 26 32 04
2018-03-01, 2018023, 12 15 16 21 26 29 16
2018-03-18, 2018030, 13 14 20 21 25 33 07
2018-02-04, 2018015, 11 15 20 21 26 33 15
2017-12-12, 2017146, 01 19 25 26 27 33 10
2017-12-28, 2017153, 07 11 12 13 18 19 16
2017-12-21, 2017150, 06 14 19 20 21 23 08
2018-01-16, 2018007, 13 14 20 25 27 31 12
2018-01-25, 2018011, 03 10 21 23 27 33 11
2018-01-21, 2018009, 05 10 17 23 26 32 07
2018-01-11, 2018005, 02 20 21 28 31 33 06
2018-01-18, 2018008, 05 09 10 12 17 19 13
2017-12-19, 2017149, 05 08 15 20 27 30 13
2018-01-14, 2018006, 02 07 08 09 17 29 11
2020-01-19, 2017154, 05 09 13 15 18 26 05
2018-01-02, 2018001, 01 08 11 26 28 31 04
2018-01-23, 2018010, 01 08 17 20 21 22 03
2017-12-17, 2017148, 04 07 11 14 29 32 12
2018-01-04, 2018002, 07 18 24 29 31 33 16
2018-01-07, 2018003, 01 14 16 17 20 31 04
2017-12-14, 2017147, 03 07 20 21 25 31 14
2018-01-09, 2018004, 14 18 19 26 30 31 11
2017-12-26, 2017152, 06 10 23 25 26 29 05
2017-12-24, 2017151, 02 05 07 09 11 27 16
2017-10-29, 2017127, 14 15 21 24 27 32 12
2017-12-05, 2017143, 04 06 09 14 20 29 14
2017-11-28, 2017140, 21 22 25 28 29 30 08
2017-11-16, 2017135, 01 06 07 14 18 26 16
2017-11-07, 2017131, 01 07 10 11 26 27 11
2017-10-26, 2017126, 01 16 17 21 27 30 16
2017-11-30, 2017141, 01 06 07 11 13 15 05
2017-11-23, 2017138, 01 17 24 28 32 33 02
2017-11-02, 2017129, 05 06 09 14 21 33 02
2017-11-14, 2017134, 04 05 11 14 28 32 04
2017-11-05, 2017130, 05 13 14 23 25 31 02
2017-12-07, 2017144, 03 14 16 20 31 32 09
2017-11-21, 2017137, 05 10 20 23 26 31 03
2017-11-12, 2017133, 06 15 17 18 23 30 11
2017-12-03, 2017142, 08 13 14 18 23 33 06
2017-11-26, 2017139, 02 14 20 24 28 32 16
2017-11-09, 2017132, 02 03 05 09 13 28 11
2017-12-10, 2017145, 02 06 12 17 25 28 12
2017-11-19, 2017136, 03 07 10 18 21 24 12
2017-10-31, 2017128, 02 06 13 22 29 31 08
2017-10-08, 2017118, 08 09 15 22 30 33 16
2017-10-03, 2017116, 02 14 20 22 30 32 02
2017-09-12, 2017107, 08 09 15 17 30 32 06
2017-09-24, 2017112, 03 10 14 16 22 23 11
2017-10-15, 2017121, 11 18 19 22 24 32 07
2017-09-10, 2017106, 12 15 20 25 27 31 02
2017-09-19, 2017110, 01 03 12 15 19 23 14
2017-10-01, 2017115, 04 10 11 25 30 31 01
2017-09-21, 2017111, 05 10 17 19 29 32 12
2017-10-24, 2017125, 01 14 23 25 29 30 03
2017-10-05, 2017117, 01 02 08 11 14 21 09
2017-10-12, 2017120, 08 10 15 19 23 28 16
2017-09-14, 2017108, 07 12 14 15 17 20 01
2017-09-26, 2017113, 04 06 16 27 29 33 05
2017-10-17, 2017122, 11 20 21 22 24 27 15
2017-10-19, 2017123, 04 05 06 11 21 31 10
2017-10-10, 2017119, 09 16 21 25 26 31 14
2017-10-22, 2017124, 02 06 11 26 28 29 03
2017-09-17, 2017109, 08 14 16 18 21 23 16
2017-09-28, 2017114, 06 12 13 15 18 26 13
2017-08-29, 2017101, 01 04 11 28 31 32 16
2017-08-27, 2017100, 04 07 08 18 23 24 02
2017-09-05, 2017104, 01 14 15 20 23 30 14
2017-08-20, 2017097, 05 10 18 19 30 31 03
2017-08-31, 2017102, 04 08 10 14 18 20 11
2017-07-27, 2017087, 03 06 13 14 19 28 06
2017-08-08, 2017092, 10 18 19 29 32 33 09
2017-08-15, 2017095, 09 10 12 19 22 29 16
2017-08-01, 2017089, 11 12 13 16 23 25 12
2017-07-25, 2017086, 03 05 06 13 20 22 07
2017-08-24, 2017099, 02 05 06 16 28 29 04
2017-08-17, 2017096, 02 06 11 12 19 29 06
2017-07-30, 2017088, 07 09 18 22 23 29 06
2017-08-22, 2017098, 04 19 22 27 30 33 01
2017-08-06, 2017091, 05 07 10 23 28 29 03
2017-09-03, 2017103, 01 21 23 25 31 33 01
2017-09-07, 2017105, 03 06 07 12 25 26 07
2017-08-03, 2017090, 01 07 10 16 22 33 09
2017-08-10, 2017093, 07 08 09 15 22 27 12
2017-08-13, 2017094, 08 11 13 19 28 31 06
2017-06-18, 2017070, 01 06 14 22 25 26 12
2017-06-08, 2017066, 01 04 06 17 19 26 03
2017-07-23, 2017085, 01 05 06 16 25 30 09
2017-06-27, 2017074, 02 06 16 23 30 31 02
2017-06-25, 2017073, 03 06 16 23 26 30 14
2017-07-20, 2017084, 01 05 11 20 22 24 02
2017-07-13, 2017081, 03 05 14 25 26 30 05
2017-06-22, 2017072, 06 11 14 23 26 30 02
2017-07-16, 2017082, 14 18 21 25 28 29 10
2017-07-11, 2017080, 01 12 16 20 22 24 08
2017-07-04, 2017077, 01 02 04 15 17 22 14
2017-07-02, 2017076, 01 04 08 09 14 15 13
2017-06-15, 2017069, 02 11 12 23 29 31 05
2017-07-18, 2017083, 03 08 14 20 24 26 12
2017-06-11, 2017067, 01 03 04 10 18 29 04
2017-07-06, 2017078, 05 07 18 19 22 24 16
2017-07-09, 2017079, 03 07 14 23 25 27 08
2017-06-13, 2017068, 02 06 10 22 30 31 15
2017-06-20, 2017071, 02 03 06 14 31 32 03
2017-06-29, 2017075, 01 03 06 19 21 29 07
2017-05-14, 2017055, 07 12 13 20 24 31 05
2017-05-28, 2017061, 06 07 12 20 26 27 11
2017-05-11, 2017054, 02 03 09 23 28 33 08
2017-05-09, 2017053, 04 09 11 15 29 31 06
2017-05-30, 2017062, 01 07 22 24 26 31 10
2017-05-07, 2017052, 07 08 18 24 29 31 07
2017-06-04, 2017064, 02 10 16 22 24 28 15
2017-05-21, 2017058, 01 09 13 22 28 32 11
2017-06-06, 2017065, 02 05 08 10 12 21 07
2017-05-25, 2017060, 05 10 13 24 26 31 04
2017-05-02, 2017050, 10 12 20 24 27 29 07
2017-06-01, 2017063, 12 16 20 22 25 31 04
2017-04-25, 2017047, 02 05 08 10 32 33 02
2017-05-04, 2017051, 02 05 09 15 24 25 11
2017-04-30, 2017049, 01 08 14 15 20 29 10
2017-05-18, 2017057, 18 20 22 23 30 31 16
2017-05-23, 2017059, 04 08 09 15 19 25 09
2017-04-23, 2017046, 04 13 14 23 26 32 10
2017-04-27, 2017048, 05 08 09 14 15 19 07
2017-05-16, 2017056, 13 14 18 19 21 28 06
2017-04-06, 2017039, 02 04 12 14 17 24 15
2017-03-14, 2017029, 02 15 21 23 25 30 10
2017-04-16, 2017043, 08 13 16 23 27 31 08
2017-03-23, 2017033, 05 07 15 20 23 30 15
2017-04-04, 2017038, 01 04 08 13 24 27 05
2017-04-02, 2017037, 11 15 20 22 25 30 05
2017-04-13, 2017042, 01 02 04 07 10 23 04
2017-03-26, 2017034, 04 07 08 19 32 33 13
2017-03-21, 2017032, 05 08 15 24 27 31 11
2017-04-18, 2017044, 08 16 19 21 31 32 06
2017-03-09, 2017027, 02 04 11 14 27 30 05
2017-03-30, 2017036, 01 02 05 10 24 27 15
2017-03-28, 2017035, 01 06 14 24 28 32 12
2017-03-07, 2017026, 03 10 12 19 27 30 08
2017-04-20, 2017045, 05 07 16 20 21 25 05
2017-04-09, 2017040, 15 19 23 28 29 33 04
2017-03-19, 2017031, 06 10 16 26 27 29 03
2017-03-12, 2017028, 07 08 12 13 22 30 09
2017-03-16, 2017030, 01 07 09 20 23 30 02
2017-04-11, 2017041, 04 10 13 15 22 27 04
2017-02-26, 2017022, 02 06 15 16 18 32 15
2017-02-07, 2017014, 06 08 18 20 23 31 13
2017-02-12, 2017016, 05 08 16 22 27 29 02
2017-02-21, 2017020, 04 08 10 12 31 33 10
2017-01-24, 2017011, 10 11 12 23 26 29 16
2017-01-26, 2017012, 10 11 14 15 16 24 07
2017-02-23, 2017021, 02 05 10 22 32 33 09
2017-02-19, 2017019, 04 06 08 12 23 25 08
2017-01-19, 2017009, 02 06 08 09 15 29 14
2017-02-14, 2017017, 03 07 08 10 22 23 12
2017-02-28, 2017023, 01 03 04 11 18 22 14
2017-03-05, 2017025, 02 15 16 17 22 32 07
2017-01-12, 2017006, 02 04 08 26 29 33 08
2017-02-09, 2017015, 01 08 09 14 17 32 01
2017-02-16, 2017018, 01 02 03 17 25 31 09
2017-01-15, 2017007, 02 04 05 24 26 33 15
2017-03-02, 2017024, 09 21 25 26 29 31 13
2017-02-05, 2017013, 08 11 28 29 31 33 06
2017-01-22, 2017010, 05 08 19 25 28 30 07
2017-01-17, 2017008, 07 13 15 27 28 29 13
2016-12-29, 2016153, 07 09 16 24 25 29 06
2017-01-05, 2017003, 01 04 08 15 27 32 16
2017-01-01, 2017001, 09 11 14 20 25 26 15
2016-12-06, 2016143, 06 09 23 24 25 33 13
2016-12-25, 2016151, 06 11 16 20 22 33 07
2017-01-10, 2017005, 06 11 12 22 23 30 05
2016-12-01, 2016141, 04 13 15 17 21 24 15
2017-01-03, 2017002, 15 19 23 24 25 32 03
2016-12-04, 2016142, 01 10 17 21 23 30 12
2016-11-27, 2016139, 01 06 19 26 28 30 03
2016-12-13, 2016146, 03 07 15 16 17 23 10
2016-12-27, 2016152, 02 08 09 16 20 22 07
2016-12-11, 2016145, 01 03 07 12 19 20 06
2016-12-08, 2016144, 04 10 12 27 32 33 05
2017-01-08, 2017004, 05 13 17 26 27 30 07
2016-12-20, 2016149, 03 20 23 26 32 33 07
2016-11-29, 2016140, 01 02 05 17 26 32 10
2016-12-15, 2016147, 04 14 18 28 31 32 12
2016-12-18, 2016148, 01 02 11 20 26 30 14
2016-12-22, 2016150, 02 04 05 09 13 21 05
2016-11-24, 2016138, 07 16 20 24 25 30 07
2016-11-10, 2016132, 05 08 13 19 27 28 07
2016-10-11, 2016119, 09 19 21 30 31 32 04
2016-11-13, 2016133, 15 16 21 22 27 33 15
2016-10-13, 2016120, 02 05 06 21 25 28 09
2016-11-01, 2016128, 04 09 11 17 26 27 13
2016-10-27, 2016126, 02 06 12 17 18 19 10
2016-10-20, 2016123, 07 09 12 14 20 27 16
2016-11-17, 2016135, 02 08 10 18 20 33 12
2016-10-25, 2016125, 01 06 08 20 27 30 03
2016-10-23, 2016124, 09 15 21 24 27 32 10
2016-11-15, 2016134, 11 12 13 14 18 33 13
2016-11-22, 2016137, 01 06 09 10 15 32 14
2016-10-18, 2016122, 15 22 23 24 28 29 08
2016-11-08, 2016131, 04 10 18 19 25 27 02
2016-10-16, 2016121, 02 03 10 23 25 28 09
2016-11-06, 2016130, 03 17 21 23 27 28 01
2016-10-30, 2016127, 07 12 17 26 29 31 16
2016-11-20, 2016136, 02 07 10 20 27 29 03
2016-11-03, 2016129, 05 06 08 21 31 33 14
2016-10-02, 2016115, 06 08 20 22 26 27 09
2016-09-27, 2016113, 01 11 16 17 20 26 14
2016-09-06, 2016104, 05 09 11 18 30 31 04
2016-09-04, 2016103, 01 05 13 19 24 27 11
2016-10-06, 2016117, 03 10 14 17 28 33 02
2016-08-30, 2016101, 01 03 19 24 32 33 01
2016-09-11, 2016106, 04 05 13 22 25 30 04
2016-09-01, 2016102, 05 08 10 14 17 30 13
2016-10-04, 2016116, 07 18 20 23 27 31 13
2016-09-22, 2016111, 02 04 07 14 15 32 04
2016-10-09, 2016118, 09 14 22 23 31 33 14
2016-09-18, 2016109, 09 11 15 16 27 33 05
2016-09-13, 2016107, 06 11 18 26 27 32 01
2016-09-29, 2016114, 05 16 20 22 27 29 09
2016-08-25, 2016099, 01 11 21 23 27 33 06
2016-09-20, 2016110, 05 07 28 31 32 33 08
2016-09-08, 2016105, 08 10 19 27 28 31 16
2016-09-25, 2016112, 06 12 14 15 18 25 12
2016-08-28, 2016100, 03 10 22 23 27 29 04
2016-09-15, 2016108, 02 03 07 08 19 26 16
2016-08-14, 2016094, 06 07 10 12 18 31 10
2016-07-28, 2016087, 02 03 10 11 14 21 12
2016-07-19, 2016083, 09 16 17 24 30 31 04
2016-07-12, 2016080, 01 16 17 24 25 32 14
2016-07-31, 2016088, 03 14 16 18 25 33 15
2016-08-23, 2016098, 02 08 25 29 31 32 06
2016-07-26, 2016086, 09 10 11 12 15 32 05
2016-08-16, 2016095, 01 05 09 12 18 32 12
2016-08-09, 2016092, 02 13 15 23 24 29 06
2016-07-21, 2016084, 02 04 12 18 24 26 05
2016-07-14, 2016081, 02 06 15 25 30 32 07
2016-07-10, 2016079, 01 03 10 12 24 28 02
2016-07-24, 2016085, 01 12 19 20 21 25 16
2016-08-21, 2016097, 06 13 25 26 28 31 01
2016-08-04, 2016090, 02 13 17 20 21 26 07
2016-08-02, 2016089, 01 03 14 30 31 32 08
2016-08-11, 2016093, 06 09 15 17 25 27 09
2016-08-07, 2016091, 04 08 14 22 23 28 07
2016-08-18, 2016096, 06 13 14 21 22 24 16
2016-07-17, 2016082, 06 12 14 15 17 20 09
2016-06-16, 2016069, 08 10 11 20 21 27 11
2016-06-26, 2016073, 09 11 12 15 16 20 13
2016-06-02, 2016063, 16 17 18 23 28 32 07
2016-05-24, 2016059, 04 11 12 20 25 28 15
2016-06-28, 2016074, 06 10 11 12 20 25 12
2016-05-31, 2016062, 12 13 15 18 19 21 09
2016-07-07, 2016078, 02 04 08 23 26 29 02
2016-06-23, 2016072, 05 16 19 22 24 25 02
2016-06-21, 2016071, 19 21 26 28 29 32 01
2016-06-09, 2016066, 03 07 13 18 19 20 05
2016-06-07, 2016065, 13 16 22 25 26 27 14
2016-06-14, 2016068, 08 19 23 28 31 32 01
2016-05-29, 2016061, 05 06 08 18 20 32 08
2016-06-30, 2016075, 01 03 06 16 29 32 07
2016-07-05, 2016077, 01 09 17 19 20 29 10
2016-06-19, 2016070, 03 06 11 18 23 29 01
2016-07-03, 2016076, 07 08 13 22 30 32 01
2016-06-12, 2016067, 09 13 18 20 27 31 04
2016-05-26, 2016060, 04 05 22 26 29 32 08
2016-06-05, 2016064, 03 12 14 17 19 26 03
2016-04-14, 2016042, 07 14 17 23 26 31 09
2016-04-21, 2016045, 04 09 12 17 30 32 03
2016-04-28, 2016048, 03 08 13 14 15 30 04
2016-04-12, 2016041, 12 17 18 21 22 24 04
2016-05-22, 2016058, 03 05 18 20 24 32 11
2016-04-17, 2016043, 05 14 20 26 30 33 12
2016-04-10, 2016040, 03 13 19 20 23 26 03
2016-05-15, 2016055, 05 06 10 16 22 26 11
2016-05-17, 2016056, 03 04 08 11 16 18 14
2016-05-01, 2016049, 06 08 13 14 22 27 10
2016-05-03, 2016050, 09 12 24 28 29 30 02
2016-04-26, 2016047, 02 05 08 15 17 22 16
2016-05-10, 2016053, 02 08 10 12 29 31 01
2016-04-24, 2016046, 07 20 25 26 27 30 14
2016-04-19, 2016044, 01 03 10 12 18 30 01
2016-05-05, 2016051, 01 02 04 09 15 33 12
2016-05-12, 2016054, 06 11 16 19 28 32 04
2016-05-19, 2016057, 07 12 19 22 23 26 11
2016-05-08, 2016052, 01 06 13 19 24 28 16
2016-04-07, 2016039, 01 03 07 18 19 27 16
2016-02-28, 2016022, 04 09 19 22 23 30 07
2016-04-05, 2016038, 03 12 13 22 28 29 03
2016-02-23, 2016020, 01 02 10 12 22 24 10
2016-03-01, 2016023, 03 06 10 19 25 29 07
2016-03-15, 2016029, 12 15 18 20 21 27 15
2016-03-13, 2016028, 06 08 12 21 25 29 01
2016-03-27, 2016034, 03 15 21 22 23 28 15
2016-03-24, 2016033, 06 17 18 20 27 29 15
2016-03-10, 2016027, 11 13 15 17 19 31 05
2016-03-31, 2016036, 03 04 07 09 20 22 03
2016-03-03, 2016024, 02 05 07 14 18 31 13
2016-03-06, 2016025, 04 11 12 17 24 30 12
2016-03-20, 2016031, 03 08 10 19 26 33 03
2016-04-03, 2016037, 06 15 26 31 32 33 16
2016-02-21, 2016019, 06 13 16 17 23 30 10
2016-02-25, 2016021, 09 11 13 22 24 26 05
2016-03-08, 2016026, 04 09 12 28 30 33 01
2016-03-22, 2016032, 08 12 14 15 21 27 15
2016-03-17, 2016030, 10 14 19 22 25 29 12
2016-03-29, 2016035, 04 13 19 20 26 29 11
2016-01-19, 2016008, 02 15 24 29 32 33 02
2016-02-16, 2016017, 05 06 08 20 22 30 05
2015-12-31, 2015154, 07 09 11 15 18 25 07
2016-01-03, 2016001, 06 13 16 18 20 22 13
2016-01-10, 2016004, 08 10 17 22 25 33 12
2016-01-21, 2016009, 10 14 24 25 27 32 04
2016-02-04, 2016015, 01 02 14 22 25 26 07
2016-01-26, 2016011, 03 08 10 15 22 29 12
2016-01-07, 2016003, 01 10 14 23 26 28 01
2016-01-14, 2016006, 13 16 18 20 28 31 12
2016-01-31, 2016013, 07 12 21 22 26 31 01
2016-01-24, 2016010, 02 04 12 14 19 25 06
2016-01-12, 2016005, 11 14 18 20 31 33 14
2016-01-28, 2016012, 07 12 14 16 27 32 15
2015-12-29, 2015153, 08 11 15 22 27 29 03
2016-02-18, 2016018, 12 13 14 17 21 25 04
2016-02-02, 2016014, 02 08 10 18 20 27 07
2016-01-05, 2016002, 09 14 17 20 24 30 16
2016-02-14, 2016016, 01 20 22 24 25 26 16
2016-01-17, 2016007, 05 12 14 20 27 29 06
2015-12-20, 2015149, 09 10 20 21 22 33 09
2015-11-29, 2015140, 06 20 28 29 30 31 12
2015-12-03, 2015142, 13 17 19 20 22 25 11
2015-12-24, 2015151, 05 06 08 23 31 32 11
2015-12-08, 2015144, 01 04 07 15 28 32 16
2015-11-12, 2015133, 02 03 13 20 22 24 15
2015-12-22, 2015150, 01 03 08 11 29 31 13
2015-12-13, 2015146, 16 17 21 28 30 32 15
2015-11-17, 2015135, 01 12 14 18 26 32 07
2015-11-22, 2015137, 14 22 23 27 28 31 12
2015-12-01, 2015141, 03 08 19 25 27 28 02
2015-12-15, 2015147, 08 09 16 23 24 30 05
2015-12-06, 2015143, 13 15 19 20 21 32 04
2015-11-19, 2015136, 02 05 12 23 28 29 01
2015-11-26, 2015139, 01 10 13 18 25 27 09
2015-12-27, 2015152, 11 18 19 21 29 32 12
2015-12-10, 2015145, 07 08 15 19 20 24 13
2015-12-17, 2015148, 09 13 14 22 26 27 07
2015-11-24, 2015138, 01 02 08 16 19 24 11
2015-11-15, 2015134, 02 05 14 19 27 31 04
2015-10-27, 2015126, 10 11 15 20 23 29 12
2015-10-22, 2015124, 02 03 05 12 18 27 01
2015-10-11, 2015119, 02 08 10 18 23 31 08
2015-10-06, 2015117, 04 11 12 18 26 32 12
2015-10-08, 2015118, 01 04 11 21 23 31 12
2015-09-29, 2015114, 04 07 09 13 21 26 01
2015-10-29, 2015127, 07 10 19 22 27 33 06
2015-10-25, 2015125, 05 13 22 27 30 33 10
2015-10-15, 2015121, 01 03 20 21 28 29 12
2015-11-08, 2015131, 10 12 13 19 22 26 03
2015-10-13, 2015120, 16 21 24 26 27 29 16
2015-11-05, 2015130, 06 14 15 16 17 22 10
2015-09-27, 2015113, 01 05 07 08 19 27 12
2015-11-03, 2015129, 05 08 11 16 18 27 04
2015-10-20, 2015123, 05 08 09 12 22 28 07
2015-11-01, 2015128, 01 03 08 11 22 28 06
2015-10-04, 2015116, 04 06 15 23 26 28 11
2015-10-01, 2015115, 01 07 08 14 24 32 03
2015-10-18, 2015122, 05 07 11 16 22 25 07
2015-11-10, 2015132, 03 05 11 28 30 33 01
2015-09-08, 2015105, 09 10 16 19 20 26 12
2015-08-23, 2015098, 06 09 13 26 27 33 01
2015-08-18, 2015096, 06 16 17 23 24 31 07
2015-09-20, 2015110, 05 07 16 17 22 23 04
2015-09-22, 2015111, 08 14 16 18 20 30 12
2015-08-27, 2015100, 02 03 11 17 19 21 08
2015-08-16, 2015095, 04 15 21 28 30 31 04
2015-08-30, 2015101, 08 16 22 24 28 29 05
2015-09-01, 2015102, 07 09 12 14 21 23 06
2015-09-13, 2015107, 07 14 16 18 21 25 08
2015-09-03, 2015103, 06 08 13 26 30 32 14
2015-08-20, 2015097, 09 12 14 20 26 27 04
2015-08-25, 2015099, 06 07 10 11 14 22 09
2015-09-24, 2015112, 01 03 10 19 20 27 11
2015-09-10, 2015106, 01 03 04 23 31 32 13
2015-08-11, 2015093, 01 03 13 21 25 31 08
2015-09-15, 2015108, 02 12 19 22 24 27 15
2015-08-13, 2015094, 01 04 06 13 16 17 10
2015-09-17, 2015109, 01 08 09 16 32 33 13
2015-09-06, 2015104, 09 18 21 23 25 26 01
2015-07-05, 2015077, 01 06 08 10 13 27 16
2015-07-12, 2015080, 14 17 25 27 28 30 02
2015-07-16, 2015082, 02 08 09 14 28 30 07
2015-07-07, 2015078, 03 07 20 22 26 29 02
2015-08-02, 2015089, 12 14 19 27 28 29 01
2015-07-23, 2015085, 02 08 25 27 28 29 05
2015-07-02, 2015076, 01 09 10 19 23 27 09
2015-08-09, 2015092, 09 15 19 21 26 27 01
2015-07-21, 2015084, 15 18 20 22 28 29 15
2015-08-04, 2015090, 10 12 14 22 25 33 15
2015-06-28, 2015074, 04 07 21 25 26 29 08
2015-06-30, 2015075, 06 11 13 19 21 32 04
2015-07-26, 2015086, 05 06 08 16 18 22 12
2015-07-30, 2015088, 02 12 20 24 29 31 09
2015-08-06, 2015091, 05 07 17 19 22 31 11
2015-06-25, 2015073, 01 02 17 22 26 27 04
2015-07-28, 2015087, 09 15 16 19 20 28 11
2015-07-14, 2015081, 13 20 22 26 28 31 13
2015-07-19, 2015083, 06 07 16 18 29 32 05
2015-07-09, 2015079, 09 14 15 20 26 32 11
2015-06-21, 2015071, 08 18 20 28 29 31 08
2015-06-14, 2015068, 06 15 18 21 26 27 10
2015-06-09, 2015066, 05 08 11 17 24 28 16
2015-06-16, 2015069, 01 13 17 18 23 30 15
2015-06-02, 2015063, 01 07 09 16 22 32 12
2015-06-07, 2015065, 08 10 14 19 26 29 12
2015-06-23, 2015072, 01 03 05 20 21 31 05
2015-05-14, 2015055, 01 10 15 18 19 28 02
2015-05-17, 2015056, 01 07 08 16 18 20 14
2015-05-19, 2015057, 09 20 24 25 26 32 04
2015-05-26, 2015060, 01 03 18 27 31 32 13
2015-05-21, 2015058, 02 09 10 18 19 20 15
2015-05-10, 2015053, 03 07 17 22 32 33 10
2015-05-24, 2015059, 02 06 09 16 25 32 14
2015-06-04, 2015064, 11 12 14 17 23 27 01
2015-05-28, 2015061, 06 18 22 26 32 33 04
2015-06-11, 2015067, 02 05 08 24 25 31 14
2015-05-31, 2015062, 09 14 15 18 21 26 16
2015-05-12, 2015054, 01 02 07 10 22 26 07
2015-06-18, 2015070, 01 07 13 19 21 29 15
2015-04-21, 2015045, 01 05 13 22 30 31 07
2015-03-24, 2015033, 03 06 21 29 31 32 05
2015-04-16, 2015043, 11 12 15 24 26 27 15
2015-05-03, 2015050, 03 09 12 16 17 31 04
2015-04-23, 2015046, 05 07 10 14 23 31 01
2015-04-12, 2015041, 04 09 11 17 21 25 06
2015-05-07, 2015052, 02 04 11 16 25 26 12
2015-05-05, 2015051, 04 10 24 26 28 32 09
2015-04-19, 2015044, 02 03 04 13 14 16 02
2015-03-26, 2015034, 12 13 17 18 20 27 13
2015-03-29, 2015035, 01 08 09 22 24 33 03
2015-03-31, 2015036, 04 06 16 17 26 33 03
2015-04-14, 2015042, 09 10 19 21 23 32 08
2015-04-28, 2015048, 13 16 17 22 25 27 10
2015-04-09, 2015040, 13 16 18 27 30 32 16
2015-04-05, 2015038, 05 06 11 12 14 33 14
2015-04-26, 2015047, 02 03 20 24 26 27 09
2015-04-02, 2015037, 05 07 12 18 28 31 03
2015-04-30, 2015049, 07 12 14 17 20 23 05
2015-04-07, 2015039, 01 13 15 26 29 30 12
2015-02-08, 2015017, 13 18 20 25 27 33 12
2015-02-01, 2015014, 02 12 16 19 27 30 11
2015-02-10, 2015018, 06 09 12 14 28 29 09
2015-03-01, 2015023, 08 09 10 13 29 30 01
2015-03-17, 2015030, 08 11 14 15 16 26 07
2015-02-17, 2015021, 14 15 16 17 27 28 08
2015-01-29, 2015013, 08 09 24 25 26 29 01
2015-03-12, 2015028, 04 07 10 26 27 28 14
2015-03-15, 2015029, 07 14 15 19 21 28 07
2015-03-03, 2015024, 09 11 16 18 23 24 10
2015-03-22, 2015032, 11 14 16 18 29 32 16
2015-03-10, 2015027, 05 07 09 16 26 29 07
2015-02-26, 2015022, 04 07 10 16 23 25 10
2015-02-05, 2015016, 02 06 10 15 17 31 13
2015-02-15, 2015020, 01 04 07 19 22 23 04
2015-03-05, 2015025, 10 11 12 15 27 32 14
2015-02-12, 2015019, 02 06 11 19 25 26 04
2015-03-19, 2015031, 01 05 07 22 26 32 11
2015-02-03, 2015015, 01 07 20 24 25 33 04
2015-03-08, 2015026, 02 13 17 21 22 33 13
2015-01-27, 2015012, 03 05 22 23 29 31 06
2015-01-25, 2015011, 04 14 15 17 18 20 15
2015-01-13, 2015006, 01 10 11 29 31 33 13
2015-01-04, 2015002, 07 15 16 25 28 32 05
2014-12-30, 2014152, 08 13 15 20 21 25 12
2014-12-18, 2014147, 06 07 22 26 31 32 10
2015-01-15, 2015007, 01 07 09 17 20 33 08
2014-12-23, 2014149, 07 09 10 15 19 33 01
2014-12-21, 2014148, 01 02 05 12 15 16 13
2015-01-08, 2015004, 02 14 15 16 23 24 10
2014-12-16, 2014146, 01 06 13 20 29 32 01
2014-12-28, 2014151, 04 05 08 11 21 27 08
2014-12-14, 2014145, 10 12 13 23 26 29 11
2015-01-06, 2015003, 10 15 20 23 24 31 15
2015-01-22, 2015010, 01 02 03 08 21 31 09
2015-01-11, 2015005, 07 10 16 17 18 32 15
2015-01-18, 2015008, 04 07 10 16 20 22 03
2015-01-20, 2015009, 04 07 14 17 21 25 14
2014-12-25, 2014150, 03 08 14 22 24 32 09
2015-01-01, 2015001, 01 07 09 16 20 23 06
2014-11-09, 2014130, 01 02 10 24 30 33 10
2014-12-07, 2014142, 06 21 22 23 25 28 13
2014-11-13, 2014132, 05 06 14 15 18 33 08
2014-12-04, 2014141, 08 09 11 16 21 24 10
2014-11-25, 2014137, 03 06 09 11 25 29 09
2014-11-20, 2014135, 02 04 11 13 25 33 01
2014-10-28, 2014125, 10 11 15 26 31 32 06
2014-11-06, 2014129, 05 08 09 20 28 32 02
2014-12-09, 2014143, 03 12 18 20 25 26 16
2014-11-02, 2014127, 02 10 12 21 23 27 12
2014-11-16, 2014133, 13 14 16 23 30 31 13
2014-11-23, 2014136, 03 16 19 27 31 32 10
2014-11-11, 2014131, 05 17 21 22 28 32 14
2014-11-18, 2014134, 05 16 22 23 26 28 02
2014-11-27, 2014138, 04 06 13 29 31 33 13
2014-12-02, 2014140, 06 10 11 14 17 33 06
2014-11-04, 2014128, 05 07 08 17 18 24 14
2014-11-30, 2014139, 01 14 15 20 25 29 11
2014-10-30, 2014126, 06 11 16 17 22 27 01
2014-12-11, 2014144, 03 05 06 09 10 27 14
2014-09-23, 2014110, 01 08 11 13 19 30 06
2014-09-25, 2014111, 02 08 17 20 22 28 02
2014-10-19, 2014121, 01 02 13 22 28 30 09
2014-09-11, 2014105, 14 16 17 19 27 32 04
2014-09-16, 2014107, 11 14 17 22 25 27 16
2014-10-12, 2014118, 05 07 15 18 26 30 03
2014-09-30, 2014113, 12 14 28 31 32 33 07
2014-09-18, 2014108, 03 08 09 20 23 28 02
2014-10-09, 2014117, 05 10 17 25 28 29 04
2014-10-07, 2014116, 09 10 14 15 19 29 16
2014-10-14, 2014119, 06 13 17 20 26 29 09
2014-10-02, 2014114, 02 07 23 30 32 33 10
2014-09-28, 2014112, 01 15 16 21 24 30 03
2014-09-21, 2014109, 02 05 11 15 19 28 02
2014-10-16, 2014120, 01 07 12 16 23 28 04
2014-10-05, 2014115, 01 09 10 11 13 32 03
2014-10-26, 2014124, 02 17 20 24 31 33 04
2014-09-14, 2014106, 09 14 17 18 21 25 15
2014-10-21, 2014122, 06 09 11 16 20 29 11
2014-10-23, 2014123, 01 06 11 17 28 33 05
2014-09-07, 2014103, 03 08 09 10 18 33 04
2014-08-07, 2014090, 05 09 11 19 24 32 13
2014-08-12, 2014092, 03 13 18 19 22 26 07
2014-07-31, 2014087, 06 18 22 23 32 33 06
2014-08-26, 2014098, 02 13 17 20 29 31 07
2014-09-04, 2014102, 14 16 21 24 28 31 13
2014-09-09, 2014104, 02 06 12 19 27 28 13
2014-09-02, 2014101, 16 18 20 23 24 32 07
2014-07-29, 2014086, 02 04 10 12 14 30 08
2014-08-19, 2014095, 05 06 08 14 22 31 08
2014-08-10, 2014091, 01 05 12 19 27 29 14
2014-07-27, 2014085, 01 02 11 19 23 29 08
2014-08-17, 2014094, 01 10 18 20 23 29 01
2014-08-24, 2014097, 07 13 24 25 27 32 15
2014-08-05, 2014089, 04 06 14 17 27 30 09
2014-08-21, 2014096, 12 14 17 19 22 24 08
2014-08-03, 2014088, 03 06 11 14 16 29 15
2014-08-31, 2014100, 01 06 09 10 14 16 11
2014-08-14, 2014093, 02 08 09 10 20 29 05
2014-08-28, 2014099, 01 05 10 11 13 32 14
2014-07-08, 2014077, 08 09 12 15 19 22 10
2014-06-10, 2014065, 03 04 05 08 10 22 06
2014-06-12, 2014066, 02 05 15 17 18 21 16
2014-07-01, 2014074, 01 03 06 13 30 31 12
2014-07-20, 2014082, 02 04 20 25 26 29 11
2014-06-22, 2014070, 01 07 09 19 28 29 07
2014-07-03, 2014075, 03 09 11 22 27 29 06
2014-07-24, 2014084, 01 06 09 10 13 25 08
2014-07-15, 2014080, 05 14 16 17 25 30 07
2014-07-06, 2014076, 06 10 12 17 18 33 11
2014-07-17, 2014081, 08 14 22 24 27 29 10
2014-07-13, 2014079, 02 07 16 22 27 28 02
2014-07-22, 2014083, 05 06 19 21 23 33 12
2014-06-24, 2014071, 02 04 12 17 22 25 14
2014-06-19, 2014069, 05 12 17 19 25 30 11
2014-06-15, 2014067, 01 06 07 17 18 23 06
2014-06-26, 2014072, 01 03 07 13 19 32 16
2014-06-29, 2014073, 01 12 16 20 30 33 02
2014-06-17, 2014068, 04 12 13 22 27 29 16
2014-07-10, 2014078, 02 03 05 06 09 17 07
2014-05-29, 2014060, 03 05 14 18 25 33 06
2014-05-08, 2014051, 10 16 19 21 23 24 13
2014-05-01, 2014048, 06 09 16 17 24 25 16
2014-05-27, 2014059, 05 08 12 13 23 25 13
2014-05-04, 2014049, 06 07 16 17 23 32 06
2014-06-03, 2014062, 06 09 15 24 25 26 09
2014-06-05, 2014063, 03 08 17 21 22 31 16
2014-05-18, 2014055, 02 09 14 19 21 30 04
2014-05-20, 2014056, 01 11 18 20 28 29 01
2014-06-08, 2014064, 02 09 15 16 29 32 14
2014-04-24, 2014045, 02 04 09 11 19 22 15
2014-05-11, 2014052, 09 13 15 28 30 33 08
2014-05-06, 2014050, 03 17 23 25 26 32 13
2014-05-15, 2014054, 01 04 05 11 29 30 14
2014-05-13, 2014053, 14 17 19 22 26 31 02
2014-04-27, 2014046, 02 10 11 17 18 22 10
